0.3281845387	-0.04659252432	0.03127428274	-0.01459193365	0.06110615436	0.04382967992	0.0186135057	0.01208346474	0.02052883372	0.0767506964	-0.07004942859	-0.05371383956	-0.09879625585	0.03879319076	-0.1209431028	-0.1075796365	-0.04850455654	-0.04079397875	-0.1029064553	0.05833593123	0.04249912019	0.1042115642	0.1171632701	-0.004115669796	0.003973282441	0.09900275199	-0.02688088503	-0.004066618086	0.04348683158	0.04287894993	-0.08652891975	0.05258057343	-0.05357545895	0.06713711772	0.07786732904	-0.0886942574	0.07222822292	-0.1203713037	0.08192565178	-0.07745822708	-0.1525603539	0.02691801152	-0.05869472823	-0.008043059568	0.02698379902	0.06062528924	0.01514958182	0.02657178178	0.02144189748	0.06388305469	0.06748801293	-0.01028150395	0.04762292654	0.1153399675	0.03112768404	-0.1132965576	-0.04835825747	0.09922164417	0.09116004276	0.01285245515	-0.02835911352	0.03101177476	0.01699445686	-0.06393256053	0.01783963579	0.07002235127	0.09946861482	-0.03435061293	-0.04247307956	-0.09030671465	0.01603465272	-0.02943992043	-0.1246374327	-0.06381690807	-0.04987458021	-0.1172666643	-0.05206855276	0.05703349277	-0.03816106617	0.05751934439	-0.05251215828	0.09190005586	0.03016633901	0.008988156323	0.04098138496	-0.02224074738	0.006750268372	0.007796405229	0.02582590474	-0.1254572726	0.06431797129	-0.02350650406	-0.02066022082	-0.0280773016	-0.05157957655	-0.01116276543	-0.05313998592	-0.09584377951	0.02233028558	-0.08955715658
-0.04659252432	0.5056563639	-0.03398905989	0.01508075534	-0.0687633407	-0.04129404082	-0.06436152758	-0.01874095497	-0.03498409051	-0.04353102991	0.144983936	0.03049784468	0.04509928884	-0.04098877311	0.03029735759	0.03067453356	0.1098325648	0.06151461899	0.06509547941	-0.06491629129	-0.08230255424	-0.02634277151	-0.05912985884	-0.004370516113	-0.03460695734	-0.05838877568	0.01822639954	-0.01878016209	0.0115923484	-0.03167254367	0.04092188943	-0.01140725353	0.02241813779	-0.04016687875	-0.01798270799	0.03047854073	-0.02660087082	0.0145357078	-0.04236239219	-0.01089830994	0.01491938976	0.008112544782	0.03224551515	-0.02266243799	-0.03929824403	-0.02222561668	-0.01048717015	-0.0352502367	0.01494644097	-0.02098385082	-0.03857470991	-0.02274363441	-0.05472453591	-0.06601242151	-0.03107099679	-0.01976248036	-0.032955935	-0.06947831431	-0.07386745787	-0.009967889749	0.02991423206	-0.02889268997	0.0006287348426	0.05991427486	-0.03968500777	-0.04806788504	-0.0528379712	0.08558407039	0.0502049469	0.09039901362	0.01274938664	-0.03803270135	-0.01304068403	-0.02169724073	-0.01037442827	0.03019005162	0.005502831174	0.04157518459	-0.03420414264	-0.02757013431	0.01622212784	-0.05567256935	-0.06146336766	-0.02735779092	-0.05324215558	0.01270521442	-0.002321900989	0.003843419538	-0.003680196763	0.03193819292	-0.0301795055	0.02303038531	0.01325848004	0.06609025322	0.1128098238	0.004248117544	0.041130295	0.05944580107	-0.02328241137	0.02632840655
0.03127428274	-0.03398905989	0.4051911003	0.2330573937	0.06106574877	0.1178890299	0.00959312741	0.1903498763	0.006517679375	0.05833088053	-0.03096831349	0.05720705707	-0.06538219693	0.09472994573	-0.08371105739	-0.07177719588	-0.03911984304	0.0789271199	-0.0741578731	-0.03017732257	-0.003588256909	0.02266656373	0.006795039828	-0.02461568906	-0.07389926016	-0.009353758919	-0.04869066198	-0.005082921573	-0.06060654643	-0.001658975264	-0.06691439942	-0.0537128551	-0.01602667476	-0.003039528359	0.02139605596	-0.0480722509	-0.06090239758	-0.09021023773	-0.004610124727	-0.05460783479	-0.1035661708	0.01834277964	-0.08970705108	-0.00869126122	0.01062706554	0.06284913796	0.007456082241	0.0513140463	0.06320245152	-0.002304394751	0.02913933489	0.03580210653	-0.02350393591	-0.01797898417	0.0346570102	-0.0548002108	-0.05127499369	0.03894950563	0.01437468465	-0.03343181363	0.033655602	0.02547552315	-0.05810448121	0.03893289825	-0.03792967564	0.04319611674	0.04161909999	-0.03683076325	-0.04300999461	-0.1113631669	-0.03220141184	-0.05328709824	-0.06029425911	-0.0770490562	-0.08193984553	-0.08817566183	-0.03953357239	0.02646631633	-0.06414837094	-0.03095110687	-0.007678381936	0.05282373465	-0.03843517363	-0.02474640801	-0.007117711477	0.1563338425	-0.01261120335	0.06598457375	-0.01508236514	-0.08659873069	0.08611542111	-0.02411190317	0.0278802554	0.03591489122	0.02146963352	0.01499198287	0.05817469407	-0.07480821488	0.1382976016	-0.08289468457
-0.01459193365	0.01508075534	0.2330573937	0.4232300592	0.02925588621	0.0795389394	0.01911339655	0.08993610416	-0.01621804491	0.07921950405	-0.02804819587	0.1041281848	-0.05866977435	0.1375420297	-0.07746090223	-0.06363516849	-0.01681017523	0.1350679146	-0.04982792545	-0.04155325299	-0.02267720487	-0.01256750196	-0.03650302421	-0.02787625807	-0.08380278324	-0.01212637899	-0.08159626954	-0.03998312745	-0.07122059166	-0.05574327915	-0.04618842555	-0.07320414692	-0.01174543639	-0.006591154641	0.020395461	-0.04617939422	-0.08665142062	-0.08975554635	-0.01963283147	-0.04592649541	-0.08093120369	-0.04371135701	-0.07011962475	-0.01866326836	-0.003762163626	0.03874373242	-0.00110344111	0.03455355646	0.07620684734	-0.05057611383	0.01573456412	0.06213521301	-0.04513535468	-0.02878992107	0.001837007717	-0.03730154838	-0.04838055759	0.01560598529	0.001440741811	-0.03435536401	0.0734971898	0.007088536838	-0.0624351137	0.08060643472	-0.04239727626	0.02263476144	-0.0005489770193	-0.04456847786	-0.03491933027	-0.07048575767	-0.02274962676	-0.03199613086	-0.03276268154	-0.04222392598	-0.04987975932	-0.06751817203	-0.05590027886	0.0060932922	-0.04565668961	-0.04341422179	0.003357097089	0.002728627408	-0.06139347111	-0.02163795922	-0.03097486228	0.1941380294	0.02549260137	0.09137602437	-0.0498541634	-0.08058826975	0.09758748604	-0.01077364755	0.03610788787	0.08605476991	0.1063566134	-0.02660254012	0.1241943148	-0.05005024183	0.168187599	-0.05837640574
0.06110615436	-0.0687633407	0.06106574877	0.02925588621	0.3125805306	0.1393144829	0.09801311448	0.09092664051	0.05102226139	0.03943634171	-0.06772863212	-0.04987783321	-0.1159848567	0.02941177305	-0.1498681598	-0.1381055085	-0.07294390749	-0.02938192299	-0.132011283	0.0402655981	0.08054291575	0.07262418921	0.03971725477	0.02531625491	-0.04869862326	0.06649940269	-0.04607264468	0.01749819994	0.01326057736	0.04076540335	-0.03804986517	-0.005518694223	0.006126421365	0.09600404891	0.03606726826	-0.05701947965	0.01390638207	-0.09842982331	0.04558719498	-0.02106926328	-0.09445072807	0.05814764286	-0.05604007195	0.02509556501	0.03188130835	0.0599199462	0.01636607278	0.0342086536	0.05192676464	0.03875030261	0.03559245969	0.007867671456	0.07027492905	0.02914511323	0.07000184886	-0.03641373812	-0.04295567818	0.08637322081	0.08087121123	0.04744636606	-0.02126155369	-0.01051434977	-0.008335186897	-0.06229660469	0.04263176526	0.01304451015	0.07113423283	-0.1020718914	-0.07686830108	-0.1438860342	0.001585414393	-0.01819051432	-0.04870482962	-0.05017055977	-0.05012193609	-0.1136189891	-0.02831224474	-0.02952090283	-0.03263007927	0.02216534599	-0.009195089907	0.01849460025	0.04287959196	0.05257060043	0.04415823221	-0.01919230774	0.04641199991	0.01530486943	0.03069773254	-0.14714014	0.1011204932	-0.04992333231	-0.02099318177	-0.01900226447	-0.06807477625	0.02808806173	-0.066775976	-0.1368049105	0.03904985618	-0.1165304178
0.04382967992	-0.04129404082	0.1178890299	0.0795389394	0.1393144829	0.3612785202	0.06103891157	0.1204590228	0.05593462319	0.09500978873	-0.0664202441	-0.005227594155	-0.08647815594	0.06344698242	-0.102709692	-0.09476502712	-0.06608831041	-0.01643980486	-0.09291681348	0.03214886702	0.0627014478	0.05321614833	0.03973300611	-0.01228286507	-0.05724337973	0.03219607822	-0.04170815538	0.032563324	-0.01732748672	0.04712449097	-0.07331196652	-0.02483256952	-0.02203901901	0.03577950679	0.03294987373	-0.07427027257	-0.02388962959	-0.07887043265	0.07396390869	-0.0801894999	-0.09766228818	0.04617868327	-0.08035328381	-0.00834314817	0.03856569526	0.05224836152	0.01653591326	0.04450557482	0.03937569051	0.04402220574	0.05510048731	0.005820340409	0.02025451224	0.005610907585	0.007748466385	-0.07957718817	-0.04249478044	0.06443983012	0.03384697215	0.0332174324	-0.03766485633	0.016835103	-0.01331021162	-0.05586903301	0.007395345438	0.03363972225	0.07158657006	-0.05521304129	-0.07282911108	-0.1108524042	-0.03878731012	-0.04365083422	-0.07799169652	-0.0741242303	-0.06599448725	-0.07176803613	-0.06606545386	-0.01644181658	-0.05661799183	0.009211927998	-0.02166055896	0.05275238282	0.006359095968	0.01005774897	0.04709311671	0.02538088674	-0.03095923936	0.05989518493	0.07081090245	-0.09593255197	0.08640361061	-0.04065367203	-0.01717656497	-0.03580791098	-0.001466834667	0.01438987955	-0.009387701332	-0.09063090108	0.06975502801	-0.08156211312
0.0186135057	-0.06436152758	0.00959312741	0.01911339655	0.09801311448	0.06103891157	0.3976668419	0.001025899602	-0.01115099473	0.07909032598	-0.03168718214	0.05714734753	-0.05379105534	0.1118597359	-0.07801810569	-0.06561341624	-0.06391942015	0.009681386246	-0.06681274339	-0.01523046192	0.01615248811	0.02770891684	0.02879575891	-0.02937511739	0.01335820996	0.04343054625	-0.05999031828	0.02840599899	-0.03421428685	-0.01940469394	-0.06963642689	-0.04653893554	0.03892343888	0.009356300962	0.06340268179	-0.06760711571	-0.01285205324	-0.1125957516	0.03385245087	-0.03728971348	-0.105440708	-0.03199279227	-0.06794602621	-0.00738985002	0.04568255904	0.01801797257	0.03452462195	0.04162376547	-0.003569295385	0.0007690415656	0.0494193919	0.01179009613	0.05940479624	0.003285531244	0.0663225426	-0.07680906237	-0.04642097175	0.09889895583	0.06229662138	0.007239372986	-0.03107874405	0.0275901826	-0.03594967299	-0.005846904092	-0.005005748595	0.06416101438	-0.006293848205	-0.07454814665	-0.03339633032	-0.09910430572	0.02380164426	-0.02017484003	-0.05877027471	-0.03678877396	-0.03597826508	-0.1231964853	0.004527575322	-0.01439277343	-0.0220304585	0.02856175743	-0.04348677209	0.02209172563	0.02237888786	0.001491762437	0.01668927475	0.1214157451	-0.02048665652	0.09652011912	-0.01646895339	-0.07696794539	0.07931003142	-0.02068748604	0.04449641507	0.01574654883	0.004862462387	-0.03104621412	0.0002716332593	-0.1013027725	0.02619368556	-0.07295572099
0.01208346474	-0.01874095497	0.1903498763	0.08993610416	0.09092664051	0.1204590228	0.001025899602	0.4372110805	0.0266024712	0.02274669008	0.002607838643	-0.002098300525	-0.06059503255	0.06373418746	-0.05093959299	-0.04953515608	-0.01769961199	-0.009603811352	-0.06402895185	-0.002850341136	-0.01480068163	0.009185604436	0.007473160454	0.002326069528	0.01556844747	0.02657653287	-0.05387648921	0.02916095017	-0.03007793508	0.000799730986	-0.02742293638	-0.05955784143	-0.001574697065	0.00435003039	-0.02831297238	-0.04111071754	-0.06453877289	-0.02652677962	0.01023563632	-0.02823106972	-0.03448959278	0.04587521326	-0.06856931679	-0.02652095848	-0.03373164542	0.07418509081	0.02534938407	0.02131986744	0.03114519028	0.06277442612	0.02986025806	0.001073966854	-0.01392288716	-0.03546626111	0.002959290291	-0.03232703729	-0.03373267268	-0.006830249624	-0.01292293424	0.01261699839	-0.006106116269	-0.01413210597	-0.04840358535	-0.01336140345	0.01979566903	0.06897364626	0.03596244484	-0.03313078337	-0.04073961953	-0.09836647555	-0.04001531496	-0.04494732313	-0.0239016999	-0.06522515441	-0.0558284562	-0.02068277776	-0.03258916004	-0.0324366974	-0.05462724574	-0.01887038985	0.0369665068	0.0171368181	-0.01926635613	-0.02150869555	0.00270303149	0.05217142395	-0.0003935181975	0.03060583548	0.0341680768	-0.06470767171	0.06302101155	-0.02709767989	-0.01582785696	0.002128407403	0.008450941656	0.005140678891	-0.004298051414	-0.07138217124	0.04818725661	-0.07744836109
0.02052883372	-0.03498409051	0.006517679375	-0.01621804491	0.05102226139	0.05593462319	-0.01115099473	0.0266024712	0.3914132198	-0.008990964598	-0.04207330384	-0.08870881026	-0.09210155352	0.005647289743	-0.1158577759	-0.0956801454	-0.03395986855	-0.05346314509	-0.09949898793	0.1403716628	0.07637343482	0.0410696438	0.09783402866	0.02091564026	-0.05097623196	0.01720748509	0.03306017588	0.06904906434	0.06904033262	-0.02074235889	0.04929248238	-0.02818743253	0.05588813963	0.01638225214	-0.01125573254	0.07847572433	-0.01725437998	-0.04115197919	0.02980110495	0.02335069811	-0.01037849451	0.07636388985	0.01133061088	0.04831970907	0.0003952469921	-0.02228712393	-0.07427309753	-0.001908642475	0.02282908497	0.07283773108	0.009593683843	-0.02946521673	0.06143997137	-0.008564437296	-0.02367630173	-0.0354811564	-0.01225821081	0.003575475643	0.01769414996	0.008281529206	-0.05195148782	0.005647375348	0.08271386053	-0.0567927118	0.06832989608	-0.01488037996	0.05565632108	-0.08436071433	-0.006039173098	-0.04758083495	-0.0424417909	-0.04730531501	-0.01097918534	-0.006863464395	-0.03543261832	-0.01628652897	-0.004274852438	-0.01932585166	-0.03278468204	0.09254932757	0.05494828148	0.04107670622	0.02224825451	0.06328784258	0.03307186097	-0.04699735074	-0.01203110054	-0.03421818188	0.04465940714	-0.1132496032	-0.0290939047	-0.01175254161	-0.04933753676	-0.05646356027	-0.04229104036	-0.008003552825	-0.09025796256	-0.1019042338	-0.02812496223	-0.09105486023
0.0767506964	-0.04353102991	0.05833088053	0.07921950405	0.03943634171	0.09500978873	0.07909032598	0.02274669008	-0.008990964598	0.3705955201	-0.07680683664	0.02129872299	-0.1149274199	0.07619088199	-0.1397622664	-0.119807209	-0.05409773553	0.03451820157	-0.1108366529	-0.003478382792	0.04024453925	0.05950542501	0.05723654802	-0.008827116479	-0.04844587426	0.04302242404	-0.05597265795	-0.01778371898	-0.03857736366	0.02788633336	-0.09928724377	0.01729099285	-0.02072339737	0.01654990969	0.08684413434	-0.09874746095	0.01571714349	-0.1309381377	0.0533303883	-0.1057795543	-0.1539674446	-0.008594142259	-0.08092097389	0.007824954522	0.07508212502	0.05349977935	0.009736173496	0.06699989278	-0.009216448374	0.005197606268	0.05418181641	0.03176454302	0.003361933776	0.0494294505	0.02713532001	-0.1020597782	-0.02965671529	0.1101245637	0.0840602144	0.01799415296	-0.005368756929	0.0759769549	-0.01405767236	-0.01040687259	0.008993463838	0.09354345934	0.04473812101	-0.009023237712	-0.0543753528	-0.08483971755	-0.01215826688	-0.02466632446	-0.1059016485	-0.05102211629	-0.05556192479	-0.1245890659	-0.05866331116	0.01000745599	-0.03795878137	0.01791526788	-0.04770432027	0.05322051419	-0.01120976262	-0.0006455823499	0.01589592969	0.0568551774	0.005291814656	0.06653544243	0.01505361853	-0.1355361577	0.13623163	-0.009547483211	-0.002275417432	0.005322632485	0.01917841361	-0.008657704029	0.04608169271	-0.09346712572	0.07465322218	-0.07332960117
-0.07004942859	0.144983936	-0.03096831349	-0.02804819587	-0.06772863212	-0.0664202441	-0.03168718214	0.002607838643	-0.04207330384	-0.07680683664	0.5259082996	0.03609530392	0.08259320017	-0.007989128369	0.05364074952	0.0577588674	0.108821312	0.04388742055	0.05456494194	-0.06849997667	-0.06316237165	-0.07174881779	-0.07686834388	0.00805822836	0.006773424546	-0.06484451143	0.035577436	0.01629968604	0.004991084017	-0.04272527212	0.05894920601	-0.01930971511	0.07208509123	-0.03240361104	-0.03018254448	0.06691950961	-0.04088947122	0.005777195449	-0.07060462032	-0.01380143496	0.008360927916	-0.01009676819	0.01484945042	-0.03133534527	-0.03862307677	-0.03671110876	-0.001636717944	-0.0452671437	0.01485116252	-0.02511968895	-0.0413494273	0.02837004486	-0.02897564129	-0.07722779961	-0.01385692845	-0.004834067611	-0.04314405216	-0.06903428077	-0.07124049484	-0.03864670378	0.01157651146	-0.02708753569	-0.01707550817	0.07366989804	-0.05120856415	-0.06046461321	-0.0610914136	0.03405726102	0.03622452478	0.02635674183	0.02802021971	-0.05330576015	-0.01035379744	-0.03169702672	-0.02373849382	0.02048988341	0.06075123571	0.02114870009	-0.04997371089	-0.02732299245	0.01853235209	-0.05128214171	-0.0366646894	-0.0191493768	-0.02763878959	0.0007450721437	-0.001355676473	-0.0236369234	0.007806891851	0.05332978907	-0.02161155005	0.08822609992	0.02718531338	0.03457791111	0.0637484407	0.04195604158	0.02556617893	0.04793936571	-0.02828714105	0.04222415668
-0.05371383956	0.03049784468	0.05720705707	0.1041281848	-0.04987783321	-0.005227594155	0.05714734753	-0.002098300525	-0.08870881026	0.02129872299	0.03609530392	0.5484181549	0.06590235007	0.08010063712	0.04967937453	0.02577038985	-0.009140345459	0.1644557527	0.08558180186	-0.09042985755	-0.02476635399	-0.0614740683	-0.07067695661	-0.03936484478	-0.01648333505	-0.07716094204	-0.06999716669	-0.03177398569	-0.08947197953	-0.02943722387	-0.0434751298	-0.03622313841	-0.005530892947	-0.06118189816	0.00621887485	-0.05424377779	-0.03547709015	-0.04536113808	-0.06284666012	-0.02755603088	-0.01868813663	-0.04974690024	-0.03700796577	-0.04612576263	-0.01057671306	-0.04848394712	0.004152325462	-0.004234489644	0.0127217362	-0.08478428826	-0.01005863113	0.04402935377	-0.0262769412	-0.03368691676	-0.006184573323	-0.05423461805	-0.00883995724	-0.02310501624	-0.04879270324	-0.05989174403	0.08180905766	-0.02004865814	-0.06800838951	0.1237424483	-0.05822604042	-0.02794110392	-0.07262027749	0.01057792823	-0.03818982947	-0.03834143607	0.033689416	-0.006725897034	-0.0161471211	-0.05532188815	-0.003661962882	-0.06076431659	0.001959808202	0.009371581468	-0.00533708305	-0.06823151915	-0.021708455	-0.02421167589	-0.04487207627	-0.03614840518	-0.05157182929	0.1575414733	-0.02732611704	0.07446863623	-0.07551895104	0.05488994162	0.005296266121	0.05169199272	0.08882310973	0.1407817111	0.129683612	-0.04128419623	0.1987645131	0.00584092843	0.05613444684	-0.00384635622
-0.09879625585	0.04509928884	-0.06538219693	-0.05866977435	-0.1159848567	-0.08647815594	-0.05379105534	-0.06059503255	-0.09210155352	-0.1149274199	0.08259320017	0.06590235007	0.9487361778	-0.03849085973	0.6630112954	0.673378584	0.09705853226	-0.02135285151	0.7820020115	-0.1134090427	-0.09914282801	-0.1242681752	-0.1124892589	-0.09531054548	-0.02638206424	-0.1221320717	-0.05085009288	-0.05327220296	-0.08332831709	-0.09208580218	-0.05143062372	-0.05695947049	-0.05808663255	-0.1051343274	-0.07165884686	-0.03136432259	-0.07449866691	0.04881878668	-0.09946273418	-0.01719631834	0.07023563632	-0.07593627579	-0.04270348562	-0.06736716467	-0.06984389079	-0.1025591769	-0.08029130573	-0.06225183323	-0.06233957844	-0.08630228031	-0.08348488878	-0.03370283931	-0.0718130644	-0.1221796682	-0.08372843522	0.02563213764	-0.07945836832	-0.1061532847	-0.1246330241	-0.08602975654	-0.01441383228	-0.08388714704	-0.08905289987	0.01254723025	-0.09059610261	-0.1053137557	-0.104237015	-0.03694423279	-0.03810700656	0.07104195055	-0.06320119355	-0.08770252257	0.01115811665	-0.03959045696	-0.06624205713	0.06495251893	-0.02363033181	-0.02769819951	-0.08449032042	-0.094746194	-0.05680931918	-0.05522061734	-0.07244825408	-0.06950292577	-0.08668981449	0.008174950884	-0.07471130993	-0.02956999735	-0.08544336175	0.6756523832	-0.06870354555	0.04686964465	-0.001980978766	0.01719087771	0.009679631342	-0.04746766504	0.01053328518	0.6124614112	-0.06081771276	0.5022994463
0.03879319076	-0.04098877311	0.09472994573	0.1375420297	0.02941177305	0.06344698242	0.1118597359	0.06373418746	0.005647289743	0.07619088199	-0.007989128369	0.08010063712	-0.03849085973	0.4080130717	-0.05408891821	-0.0444663938	-0.01507915495	0.05498616173	-0.04701828118	0.007089350086	-0.008875868571	0.0001637708609	0.03239374034	-0.04030431771	-0.01890377583	0.01764886488	-0.07109928926	0.004062482932	-0.02343403936	-0.04516069379	-0.08446065826	-0.05228046813	-0.009295333453	-0.01746120185	0.08439561509	-0.07131980795	-0.0339168948	-0.1153411065	0.02710933887	-0.07357513793	-0.1202649394	-0.01587934842	-0.0727031004	-0.02716205491	0.01157150357	0.02166731705	-0.0206110407	0.02886261648	0.03512676807	-0.02228183781	0.06071326986	0.04233655615	-0.00502757789	0.01559810963	0.03735635232	-0.1236324719	-0.0969596417	0.04255626158	0.002024654048	-0.05310963892	0.01481670647	0.06220288382	-0.02379974425	0.02487932659	-0.03584669008	0.06372699663	0.03183722173	-0.08279790803	-0.04245933994	-0.09375142019	0.0003312999987	-0.0969343454	-0.09890792767	-0.09438986286	-0.09647280562	-0.1204973572	-0.01272784027	0.01672724061	-0.1014437213	0.04676396518	-0.05413347565	-0.01697586386	0.009694783441	0.01163853234	0.009167156542	0.1635959353	0.0004891557627	0.08505160681	-0.01077364755	-0.05389480869	0.1141110638	0.02249428351	0.05878647076	0.03687645026	0.06020015302	-0.03764379748	0.06873258236	-0.06659590572	0.1288881054	-0.05491616288
-0.1209431028	0.03029735759	-0.08371105739	-0.07746090223	-0.1498681598	-0.102709692	-0.07801810569	-0.05093959299	-0.1158577759	-0.1397622664	0.05364074952	0.04967937453	0.6630112954	-0.05408891821	1.144102461	0.9339596284	0.1430190854	-0.02517165124	0.6957112795	-0.1416937737	-0.1027989781	-0.1520135943	-0.1401405124	-0.07635839443	-0.02634007495	-0.1465303322	-0.05805885371	-0.05550730875	-0.1022478526	-0.07589869516	-0.05670470978	-0.03452319277	-0.08163740278	-0.1371514399	-0.1099165695	-0.04681685243	-0.05110361232	0.06498877268	-0.1131517994	-0.0006796317697	0.1172576925	-0.1095798847	-0.008727643378	-0.108047511	-0.1181002866	-0.1281131059	-0.0861218248	-0.09498802834	-0.1002805623	-0.1062490767	-0.08513788003	-0.07921987258	-0.1006542285	-0.1125584706	-0.09633887648	0.03636620119	-0.06443549037	-0.1419541416	-0.1581995885	-0.0871434358	-0.05612143958	-0.1052721088	-0.1159080261	-0.02835568931	-0.1255922718	-0.125645775	-0.1309722941	-0.008729612295	-0.03970863477	0.08904388523	-0.05512944793	-0.06955505926	0.04170119526	-0.04340069618	-0.03525383211	0.07606324482	-0.02672148837	-0.06379011368	-0.06467355809	-0.1146330669	-0.07191086821	-0.08616766632	-0.09277171287	-0.1037457703	-0.09428379817	-0.02238687524	-0.08894824766	-0.05723837183	-0.08164330954	1.028618428	-0.09965059453	0.03552615856	-0.02567727763	-0.009210541623	-0.006200923893	-0.05605466762	0.06072272922	0.8019046357	-0.08011391061	0.6135081901
-0.1075796365	0.03067453356	-0.07177719588	-0.06363516849	-0.1381055085	-0.09476502712	-0.06561341624	-0.04953515608	-0.0956801454	-0.119807209	0.0577588674	0.02577038985	0.673378584	-0.0444663938	0.9339596284	1.106308846	0.1285352199	-0.01668767437	0.684583133	-0.1238189198	-0.1377681389	-0.1312024862	-0.1196803851	-0.1146747138	-0.01004891496	-0.1295628921	-0.05736493894	-0.05475347043	-0.09170079335	-0.1102429389	-0.06004279419	-0.07502244159	-0.07608111959	-0.1183263696	-0.08993583065	-0.05071993036	-0.09400836383	0.07092171822	-0.103512154	-0.05379278884	0.07484945042	-0.09069489087	-0.04904712153	-0.09045515385	-0.0977856879	-0.1225268609	-0.09842276089	-0.07932178542	-0.0872680768	-0.09752540566	-0.08314276808	-0.0539573004	-0.07680414008	-0.137811455	-0.09996801816	0.03268569646	-0.09783807821	-0.1213056831	-0.1354794871	-0.08952274334	-0.04387083927	-0.08688362439	-0.1018083561	-0.01155945936	-0.1025725527	-0.1030198392	-0.1157940002	-0.05098376521	-0.02899892587	0.1004469953	-0.08874604847	-0.1011342589	0.003641691171	-0.03230576443	-0.07119033026	0.07552444646	-0.02381040209	-0.05747194529	-0.09573056679	-0.09766562678	-0.06565262337	-0.07612567703	-0.07323612042	-0.08631606272	-0.09483115704	-0.007028810603	-0.08797183614	-0.06270802269	-0.07266282321	0.9409764627	-0.07068132247	0.05144921671	-0.02068598795	-0.01673471436	0.001341397118	-0.06146439492	0.02642128806	0.8348887859	-0.0699435137	0.6042633552
-0.04850455654	0.1098325648	-0.03911984304	-0.01681017523	-0.07294390749	-0.06608831041	-0.06391942015	-0.01769961199	-0.03395986855	-0.05409773553	0.108821312	-0.009140345459	0.09705853226	-0.01507915495	0.1430190854	0.1285352199	0.6410432774	0.05219774752	0.1191948498	-0.06751316413	-0.06259074374	-0.03588221619	-0.03680709345	-0.03164733297	-0.02821529699	-0.05380338247	0.0509330609	-0.03925137525	0.001530712748	-0.03092225796	0.05091752357	-0.009210242006	-0.01323085571	-0.05488543066	-0.01916709705	0.04484859436	-0.0168534914	0.009208032967	-0.05718367019	-0.05337002816	0.005636760319	0.009838728379	0.001724265829	-0.04553059333	-0.03737516875	-0.04984485385	-0.05273631517	-0.03959345314	-0.0307525887	-0.02072151405	-0.06683598516	0.006230645548	-0.05611437716	-0.06376404694	-0.04809232529	-0.02391736563	-0.03646878218	-0.0632493036	-0.07771416486	0.005215412124	0.01246487816	-0.02871595828	-0.01735137054	0.05954313404	-0.03285676152	-0.03356942379	-0.04997324007	0.04745252963	0.02220048688	0.07937860108	-0.03164844584	-0.05094498611	-0.02817014031	-0.03354802252	-0.02224233107	0.009932851163	-0.00222178585	0.0004303450741	-0.04979586634	-0.03252114681	-0.01555751613	-0.03970170076	-0.06442834234	-0.04043272532	-0.04998364108	-0.03056263103	-0.03529145554	0.005184380283	-0.03354228698	0.1270766377	-0.04257815979	0.1136574425	-0.004815790927	0.03136579456	0.04999833905	-0.01452811506	0.04339579058	0.1580598121	-0.02725324572	0.2269151866
-0.04079397875	0.06151461899	0.0789271199	0.1350679146	-0.02938192299	-0.01643980486	0.009681386246	-0.009603811352	-0.05346314509	0.03451820157	0.04388742055	0.1644557527	-0.02135285151	0.05498616173	-0.02517165124	-0.01668767437	0.05219774752	0.5238878486	-0.009823003155	-0.06678796072	-0.05178126212	-0.03531966242	-0.04501049968	-0.07614729231	-0.0561421132	-0.05769229276	-0.02823695507	-0.05015990194	-0.05545046698	-0.0458285418	-0.004822382518	-0.06346061974	0.02635905317	-0.06495502759	0.01658770433	-0.01591632981	-0.0405942193	-0.05873915726	-0.05392455646	-0.03632849686	-0.0613088505	-0.01279769401	-0.05764529557	-0.02798399206	0.003276243093	-0.01160322496	-0.02002049407	0.003061117531	-0.01291493017	-0.06172878621	-0.02926635613	0.06221392688	-0.04508232234	-0.07475817871	-0.01809874567	-0.05561080529	-0.03493889103	0.0006353264336	-0.02153399185	-0.04599598534	0.03817820388	-0.006700771944	-0.04772649199	0.163362533	-0.04786577145	-0.001846621596	-0.06544451742	-0.01404859822	-0.017959295	-0.02395772843	-0.02694260629	-0.03841484242	-0.04425777423	-0.03527112434	-0.02786046394	-0.05062662083	-0.0326996334	-0.004280373966	-0.03218934153	-0.05550855002	-0.02233987806	-0.02258312488	-0.06390859111	-0.05273661479	-0.05792167157	0.1236781589	-0.01539927514	0.05799171321	-0.01557622084	-0.02278605172	0.02306993485	0.01944661432	0.1356597025	0.1836547887	0.2123801719	-0.051469146	0.2676016109	0.0322007865	0.08770337391	0.003440690448
-0.1029064553	0.06509547941	-0.0741578731	-0.04982792545	-0.132011283	-0.09291681348	-0.06681274339	-0.06402895185	-0.09949898793	-0.1108366529	0.05456494194	0.08558180186	0.7820020115	-0.04701828118	0.6957112795	0.684583133	0.1191948498	-0.009823003155	0.9704176327	-0.1247057884	-0.102251448	-0.12931147	-0.1225490113	-0.07450110666	-0.02325007405	-0.1301287417	-0.06446245597	-0.05724543425	-0.08519566346	-0.07231218481	-0.05632838985	-0.03473754789	-0.06882266501	-0.1210665881	-0.08986820264	-0.0496079204	-0.05243939396	0.05641080143	-0.1053107167	-0.01310555128	0.09635258998	-0.08558512376	-0.02337501466	-0.08177565499	-0.09684488809	-0.1115103434	-0.0890584214	-0.07272248995	-0.07393166168	-0.08917120609	-0.09140451417	-0.04603968673	-0.08165024355	-0.1091174889	-0.1005681098	0.02725747846	-0.05226279068	-0.1174543106	-0.1409590681	-0.07533027745	-0.01219781643	-0.08343459579	-0.09737486913	0.01169858431	-0.1016831159	-0.1042191663	-0.1135006401	-0.004329853701	-0.04658306496	0.08266596449	-0.05410252942	-0.05792167157	0.03147960652	-0.03115951244	-0.03407282445	0.07329785837	-0.0298036136	-0.040103531	-0.05505188973	-0.100012062	-0.05634820743	-0.07140113277	-0.08724196725	-0.07071111304	-0.0994461268	-0.005582940834	-0.0885291252	-0.04309675535	-0.09581985289	0.6997404966	-0.07782164203	0.04223725426	-0.01989927728	0.01598269044	0.01070573661	-0.0667556448	0.04534771477	0.6310279969	-0.07047940149	0.5031286599
0.05833593123	-0.06491629129	-0.03017732257	-0.04155325299	0.0402655981	0.03214886702	-0.01523046192	-0.002850341136	0.1403716628	-0.003478382792	-0.06849997667	-0.09042985755	-0.1134090427	0.007089350086	-0.1416937737	-0.1238189198	-0.06751316413	-0.06678796072	-0.1247057884	0.3359660403	0.05240790798	0.02926003805	0.1207458426	0.0001603038552	0.004919218554	0.05212969148	0.04828893405	0.04094881223	0.09245293625	0.02091696714	0.03072435571	0.05854724737	-0.02106693054	0.08580758525	0.02260497087	0.04385664552	0.03959556716	-0.02561504274	0.0366277247	0.01651046715	-0.0432341087	0.04704376538	0.007426634094	0.04567412694	0.01651429797	0.010486395	-0.02530309783	-0.003959269318	-0.01008217253	0.05147887887	0.03287359961	-0.003925326904	0.05480947284	0.1040914603	0.01060386657	-0.06777177708	-0.02327596958	0.01516173774	0.03022206792	0.02799599347	-0.0342016601	0.01923679627	0.09504060655	-0.07610988289	0.05441868566	0.02668906074	0.08862245143	-0.04288543922	-0.025690204	-0.06370065638	-0.06181888555	-0.06146478014	-0.04402313071	-0.03618358886	-0.05723661693	-0.01012334857	-0.04019940868	-0.012601958	-0.04619082249	0.07288973617	0.04259936374	0.0007948514966	0.07508760374	0.04893148576	0.09495110645	-0.05506601457	0.05267311252	-0.03513882169	0.06467348918	-0.1402541103	-0.02706116932	-0.01213386944	-0.02729889462	-0.08295015666	-0.08093355783	0.006536084467	-0.1003126642	-0.12164515	-0.02289487718	-0.1107914962
0.04249912019	-0.08230255424	-0.003588256909	-0.02267720487	0.08054291575	0.0627014478	0.01615248811	-0.01480068163	0.07637343482	0.04024453925	-0.06316237165	-0.02476635399	-0.09914282801	-0.008875868571	-0.1027989781	-0.1377681389	-0.06259074374	-0.05178126212	-0.102251448	0.05240790798	0.378058314	0.04644110563	0.05923016188	0.04357076736	-0.05550927766	0.08910265312	-0.01931754797	0.02893854818	0.0210798308	0.05258241393	-0.03097537591	0.04378478006	-0.007977785696	0.06245892861	0.03023251174	-0.041290317	0.06525581772	-0.08135666093	0.07930198454	0.02102626342	-0.04536126648	0.01845607796	0.02697468208	0.0304493922	0.02670571093	0.05060962351	0.00405957236	0.02256131228	0.009007888294	0.04432670301	0.02603388228	-0.02641365251	0.05899568957	0.06870672963	0.03114921372	-0.02342393796	-0.007391818937	0.06770626308	0.05272777136	0.03020901314	-0.05812815102	0.01604385527	0.02544808673	-0.0943179546	0.0478143823	0.006987180426	0.02424328086	-0.02718961974	-0.05503549636	-0.09441991024	0.03324568208	0.004866443023	-0.009836614362	-0.07907588484	-0.02185162949	-0.1030004496	-0.03164733297	0.01001503204	-0.007064893143	0.02850363158	-0.03673929423	0.01164970381	0.03921920443	0.01696239776	0.02776836957	-0.06134073839	0.02967971695	-0.02490032594	0.04403851351	-0.09844446178	0.03979652508	-0.04368777281	-0.02529560739	-0.05530386828	-0.09694585928	0.04235337755	-0.04572217749	-0.1190640285	0.004742850692	-0.1095072916
0.1042115642	-0.02634277151	0.02266656373	-0.01256750196	0.07262418921	0.05321614833	0.02770891684	0.009185604436	0.0410696438	0.05950542501	-0.07174881779	-0.0614740683	-0.1242681752	0.0001637708609	-0.1520135943	-0.1312024862	-0.03588221619	-0.03531966242	-0.12931147	0.02926003805	0.04644110563	0.3549016267	0.09488442009	-0.04426029957	-0.001552653757	0.117249346	0.001141808878	-0.01008906374	0.01744135817	0.03202837787	-0.06425032658	-0.002330932325	-0.02151220536	0.03311325102	0.06497079561	-0.0478564833	0.04792053259	-0.1043161997	0.09014789112	-0.07834436804	-0.1183484129	0.04620042696	-0.05482978736	0.04786976878	0.02485638443	-0.0158116134	0.02624815179	0.01737338774	-0.02981427144	0.02159829796	0.0460309717	0.01341813351	0.03995686339	0.09244476097	0.05011904221	-0.08537658979	0.0299317383	0.04773434155	0.125003882	0.02034705133	-0.02981880851	-0.001308550877	0.03446204463	-0.0294124412	0.02294585029	0.01692567318	0.0689203143	0.02894993366	-0.02729970787	-0.0589539832	0.01549093207	0.02928075448	-0.07172934264	0.009054286246	0.01916150661	-0.1169372132	-0.0604879406	0.01096499159	0.03145713518	0.06772762155	-0.05697659151	0.09828178602	0.03811464211	0.008803976998	0.0136775169	-0.02782660713	-0.03227293488	-0.01821482616	0.05148589849	-0.1412986207	0.02904427045	-0.04407325248	-0.006462747024	-0.0424890449	-0.04481262354	-0.04754933228	-0.04452396322	-0.1043230909	0.004006390205	-0.1021455117
0.1171632701	-0.05912985884	0.006795039828	-0.03650302421	0.03971725477	0.03973300611	0.02879575891	0.007473160454	0.09783402866	0.05723654802	-0.07686834388	-0.07067695661	-0.1124892589	0.03239374034	-0.1401405124	-0.1196803851	-0.03680709345	-0.04501049968	-0.1225490113	0.1207458426	0.05923016188	0.09488442009	0.3619976028	0.0338882338	0.05665845693	0.07968549529	0.01811695344	0.02512852297	-0.009438978774	0.04205239009	0.007828806751	-0.02401504103	-0.03966938484	0.06451285125	0.04591476281	-0.008444247767	0.01305324186	-0.06531486853	0.09692747088	-0.02931012173	-0.09029597121	-0.008133458531	-0.008817400302	-0.03089580599	0.01351336916	0.05377641216	0.02965489147	0.01528428141	-0.002232657695	0.03068921483	0.107101292	-0.02312701675	0.02987224277	0.06292778762	0.0206448714	-0.1144227352	-0.003574431689	0.05456528436	0.08013791813	0.07688030249	-0.06956558868	-0.002507364391	-0.007287894372	-0.06334663658	-0.0258065841	0.02671855169	0.05256084146	-0.01045442621	-0.004152437177	-0.08766626882	-0.01666267768	-0.03506892514	-0.0788948301	-0.0381144542	-0.04665201985	-0.07339025236	0.009219932072	0.05489717525	-0.02148138753	0.08577282959	-0.06146264002	0.03916257667	0.01714961606	-0.02528430752	0.08282039605	-0.01704070971	0.03258112986	-0.01010836768	0.06894043149	-0.1364451552	0.05045375806	-0.04838809084	-0.02755618069	-0.05693952451	-0.06677066849	-0.03246605994	-0.07558182797	-0.1192187169	-0.002816676939	-0.1044143887
-0.004115669796	-0.004370516113	-0.02461568906	-0.02787625807	0.02531625491	-0.01228286507	-0.02937511739	0.002326069528	0.02091564026	-0.008827116479	0.00805822836	-0.03936484478	-0.09531054548	-0.04030431771	-0.07635839443	-0.1146747138	-0.03164733297	-0.07614729231	-0.07450110666	0.0001603038552	0.04357076736	-0.04426029957	0.0338882338	0.4170800191	0.1053483996	-0.02023497759	-0.007429827591	0.03125562083	-0.027520997	0.06936674478	0.01024064422	0.009351592682	0.02946305049	0.02939542248	-0.04649814472	0.01899851454	0.01209223926	-0.01201081214	0.005832881553	0.108237892	0.02104832813	-0.02827855914	0.1294496961	-0.01098629056	-0.0332121082	0.01551727703	0.002301843291	-0.0586892923	0.06106151131	-0.02721628572	0.008190959034	-0.02911303744	-0.02799901576	0.03527512167	0.01738109219	0.01873373803	0.04707586729	-0.009135679983	0.02498034058	0.05111950876	-0.03476935017	-0.04144277964	-0.001614503426	-0.06019003493	-0.02656213452	-0.03341268089	-0.004308837654	0.04340606319	0.0005364953709	-0.02875507981	0.1471917766	0.06966666217	0.06968767822	0.0257190268	0.04936041001	-0.008923293784	0.1059257631	0.04028216268	0.06424131194	-0.01324878997	0.01114536149	-0.07071376679	-0.02317260145	-0.02306080122	0.001450543592	-0.05526560281	0.06463800587	-0.03435395153	0.003707136253	-0.07777366039	-0.01551574085	-0.03430828122	-0.06685969777	-0.04422939614	-0.07818405113	0.01706281251	-0.04694059457	-0.1356913597	-0.02498205739	-0.1004188573
0.003973282441	-0.03460695734	-0.07389926016	-0.08380278324	-0.04869862326	-0.05724337973	0.01335820996	0.01556844747	-0.05097623196	-0.04844587426	0.006773424546	-0.01648333505	-0.02638206424	-0.01890377583	-0.02634007495	-0.01004891496	-0.02821529699	-0.0561421132	-0.02325007405	0.004919218554	-0.05550927766	-0.001552653757	0.05665845693	0.1053483996	0.5268157135	0.0185005926	0.01581978398	0.07152352192	-0.06451167889	-0.002182707132	0.004975204275	-0.05066685521	0.00640887532	-0.0273186694	-0.026364558	-0.00134197966	-0.03390409685	0.09159628624	-0.02851260342	0.04903269237	0.03911027197	-0.07387255137	0.06102482954	-0.02985437742	-0.04255234986	-0.01612736773	-0.02945836832	-0.04669674851	-0.0445758827	0.0138563031	0.005091327564	-0.04521608027	-0.003311238877	-0.02245767064	0.007758353772	0.0004135236762	0.08191640643	-0.0571266144	0.03927566098	0.032910581	-0.05621414988	-0.05145930142	-0.05723285031	-0.06195422718	-0.003843274437	0.02662999324	-0.04425289474	0.07085032359	0.05149647072	0.06305563881	0.06999238949	0.08706944691	0.03539355629	0.08167833871	0.07859381653	0.08620034135	0.1821392364	0.04849096203	0.1004429718	-0.02568793546	-0.03433734415	-0.0588325096	0.05166263017	-0.03575676195	0.008923139267	-0.03347127757	0.0422429898	-0.05344461159	-0.01129160107	-0.03162469043	-0.05559676605	-0.004800938446	-0.001783445048	-0.05394630015	-0.07270605378	-0.007703464223	-0.09583894282	-0.08184649319	-0.05923337678	-0.05807931332
0.09900275199	-0.05838877568	-0.009353758919	-0.01212637899	0.06649940269	0.03219607822	0.04343054625	0.02657653287	0.01720748509	0.04302242404	-0.06484451143	-0.07716094204	-0.1221320717	0.01764886488	-0.1465303322	-0.1295628921	-0.05380338247	-0.05769229276	-0.1301287417	0.05212969148	0.08910265312	0.117249346	0.07968549529	-0.02023497759	0.0185005926	0.3593878464	-0.01476763807	0.02631475254	0.04182622148	0.01377335178	-0.07156502369	0.04467079262	-0.04094002102	0.06402122128	0.08641940475	-0.09427558008	0.071312377	-0.1165703098	0.1175717347	-0.08311659433	-0.1274693771	0.01956466372	-0.03671121576	-0.01863227932	0.0682798171	0.08608864812	0.04074562858	0.06204665455	0.002917086988	0.1189871719	0.08792207348	0.03937813026	0.05673143525	0.08204828105	0.06629437853	-0.1028183676	-0.07683893854	0.1084071975	0.06973322012	0.06329109557	-0.03094425847	0.05644517187	0.04414851604	-0.0709178065	0.102528868	0.09540438533	0.08424816035	-0.05993784237	-0.07570484247	-0.1064945065	-0.01899481683	-0.06030042268	-0.1363994421	-0.08956678716	-0.08046114621	-0.1325213608	-0.04308845166	0.01775801135	-0.07637504462	0.06870805651	-0.0487111644	0.06816189611	0.08417471119	0.01162492114	0.08673742761	-0.0466123847	0.01321358018	0.001975388326	0.05954587341	-0.1456428216	0.02751647662	-0.03526851338	-0.004292401479	-0.03363294276	-0.06903432357	0.005316340511	-0.07687814567	-0.1168768188	0.008830493171	-0.1120026797
-0.02688088503	0.01822639954	-0.04869066198	-0.08159626954	-0.04607264468	-0.04170815538	-0.05999031828	-0.05387648921	0.03306017588	-0.05597265795	0.035577436	-0.06999716669	-0.05085009288	-0.07109928926	-0.05805885371	-0.05736493894	0.0509330609	-0.02823695507	-0.06446245597	0.04828893405	-0.01931754797	0.001141808878	0.01811695344	-0.007429827591	0.01581978398	-0.01476763807	0.5129862987	-0.01107891526	0.1058317687	0.008952416203	0.1900855278	0.1191800829	-0.01843581567	-0.00845340751	-9.445685718e-05	0.2668994352	0.1002968868	-0.02104497284	-0.03175913321	-0.03148098091	-0.03641262525	0.06834962805	0.04055455804	0.1110066813	-0.01383394348	-0.03829690003	-0.04879865279	-0.04104891068	-0.0528902331	0.04270311709	-0.05222336954	-0.02785746776	-0.002500087959	0.02010307686	-0.06936535841	-0.05683268937	-0.03125560414	-0.04379144056	-0.03463786077	0.0344664961	-0.01294288023	0.005585825297	0.1152507242	-0.01570390081	0.05664317642	-0.05019410117	0.1565916422	0.03573302323	-0.005535729633	0.01963464587	-0.03791490877	-0.06231351169	-0.06152204994	-0.04950498029	-0.07248412261	-0.01259001609	0.09502541165	0.01887806819	-0.05201320908	0.0285579052	0.05018701264	-0.03974467451	0.005014325796	0.01392632806	-0.01077668653	-0.07670393933	0.03742988709	-0.04354220138	0.02705737659	-0.06288976227	-0.07366153486	0.01743716352	-0.03392168869	-0.05405112357	-0.03597501209	0.02376286516	-0.04462352192	-0.03276263873	-0.05844362713	-0.02101441183
